Für Actioncam mit 4k:
Berechnung läuft auf 345 Bildern
Neue Kalibrierung:
[5606,085310668697, 0, 1919,69788797893;
 0, 5645,910633922549, 1077,745088495707;
 0, 0, 1]
[-0,8104565014370436, -2,781890571732347, 0,005975670615393422, -0,02735745506102933, 14,40716902307102]

Actioncam 1280
Neue Kalibrierung:
[12203,31388416864, 0, 625,5900905367513;
 0, 7795,484989779715, 356,2733311820991;
 0, 0, 1]
[-37,65289231689665, 2185,568360258706, -0,2576615167501523, -0,306693388519476, 26,15334452921195]
